                                                      NUCLIDE ABUNDANCE YIELDS
                                                      ------- --------- ------


 Computational parameters:
   cy = 0.030/  ct = 0.003/  initial temp = 1.00E+02/  final temp = 1.00E-02/  smallest abundances allowed = 1.00E-25
 Model parameters:
   g =  1.00/  tau = 885.70/  # nu =  3.00/  lambda =  0.000E+00/  xi-e =  0.000E+00/  xi-m =  0.000E+00/  xi-t =  0.000E+00

    Temp        N/H          P          D/H         T/H        He3/H        He4        Li6/H       Li7/H       Be7/H      Li8/H&up
------------------------------------------------------------------------------------------------------------------------------------
 1.000E+02   8.606E-01   5.375E-01   7.195E-12   1.861E-25   1.861E-25   4.000E-25   1.861E-25   1.861E-25   1.861E-25   3.163E-24
 6.548E+01   7.941E-01   5.574E-01   4.179E-12   1.031E-23   1.134E-23   4.000E-25   1.794E-25   1.794E-25   1.794E-25   3.050E-24
 4.181E+01   6.981E-01   5.889E-01   2.473E-12   5.414E-24   6.274E-24   4.000E-25   1.698E-25   1.698E-25   1.698E-25   2.887E-24
 2.669E+01   5.763E-01   6.344E-01   1.589E-12   4.211E-24   5.241E-24   4.000E-25   1.576E-25   1.576E-25   1.576E-25   2.680E-24
 1.704E+01   4.443E-01   6.924E-01   1.173E-12   6.198E-24   8.292E-24   4.000E-25   1.444E-25   1.444E-25   1.444E-25   2.455E-24
 1.088E+01   3.310E-01   7.513E-01   1.128E-12   2.709E-23   3.622E-23   4.000E-25   1.331E-25   1.331E-25   1.331E-25   2.263E-24
 7.779E+00   2.715E-01   7.865E-01   1.480E-12   2.594E-22   3.054E-22   1.014E-21   1.272E-25   1.272E-25   1.272E-25   2.162E-24
 6.078E+00   2.419E-01   8.052E-01   2.304E-12   3.387E-21   3.254E-21   1.591E-18   1.242E-25   1.242E-25   1.242E-25   2.111E-24
 4.034E+00   2.125E-01   8.247E-01   8.955E-12   2.526E-18   1.319E-18   4.182E-16   1.213E-25   1.213E-25   1.213E-25   9.949E-24
 3.090E+00   2.017E-01   8.322E-01   3.742E-11   1.528E-15   4.307E-16   8.870E-14   1.202E-25   1.202E-25   1.202E-25   1.246E-21
 2.556E+00   1.959E-01   8.362E-01   1.449E-10   5.275E-13   8.416E-14   1.506E-11   1.196E-25   1.196E-25   1.196E-25   8.868E-21
 2.132E+00   1.910E-01   8.397E-01   7.296E-10   9.198E-11   7.555E-12   2.491E-09   1.191E-25   1.191E-25   1.191E-25   1.403E-20
 1.608E+00   1.823E-01   8.458E-01   1.975E-08   3.110E-09   6.910E-11   7.838E-08   1.182E-25   1.911E-23   1.182E-25   1.317E-20
 1.344E+00   1.749E-01   8.511E-01   2.990E-07   4.262E-08   3.362E-10   5.706E-07   3.208E-23   4.184E-20   1.658E-25   1.290E-20
 1.175E+00   1.677E-01   8.564E-01   3.449E-06   3.745E-07   1.202E-09   3.720E-06   5.014E-21   3.488E-17   2.027E-23   1.280E-20
 1.048E+00   1.602E-01   8.619E-01   3.709E-05   1.742E-06   2.598E-09   3.943E-05   5.837E-19   1.041E-14   1.386E-21   2.852E-20
 9.556E-01   1.524E-01   8.665E-01   3.233E-04   8.392E-06   1.484E-08   8.467E-04   9.102E-17   1.610E-12   1.346E-19   1.427E-17
 8.935E-01   1.385E-01   8.622E-01   1.643E-03   3.624E-05   2.383E-07   1.546E-02   7.672E-15   1.283E-10   3.125E-17   3.095E-15
 8.296E-01   5.542E-02   7.941E-01   3.668E-03   7.239E-05   2.519E-06   1.559E-01   3.333E-13   2.822E-09   6.762E-15   5.776E-14
 7.563E-01   1.738E-03   7.529E-01   1.085E-03   1.876E-05   6.031E-06   2.441E-01   6.081E-13   1.462E-09   5.721E-13   2.672E-15
 6.849E-01   2.909E-05   7.517E-01   2.300E-04   3.000E-06   9.951E-06   2.479E-01   1.344E-13   2.751E-10   3.124E-11   1.147E-15
 4.978E-01   4.270E-07   7.517E-01   4.784E-05   3.371E-07   9.281E-06   2.482E-01   2.248E-14   4.208E-11   3.774E-10   5.965E-15
 3.223E-01   7.748E-08   7.517E-01   3.043E-05   1.411E-07   9.561E-06   2.483E-01   1.201E-14   2.537E-11   4.311E-10   3.909E-15
 2.059E-01   2.273E-08   7.517E-01   2.720E-05   9.825E-08   1.008E-05   2.483E-01   1.016E-14   2.605E-11   4.161E-10   1.753E-15
 1.348E-01   5.907E-09   7.517E-01   2.647E-05   8.706E-08   1.030E-05   2.483E-01   1.047E-14   2.815E-11   4.109E-10   1.252E-15
 9.908E-02   1.656E-09   7.517E-01   2.631E-05   8.396E-08   1.037E-05   2.483E-01   1.101E-14   2.871E-11   4.100E-10   1.233E-15
 7.542E-02   4.116E-10   7.517E-01   2.626E-05   8.308E-08   1.039E-05   2.483E-01   1.128E-14   2.884E-11   4.099E-10   1.232E-15
 5.940E-02   1.027E-10   7.517E-01   2.624E-05   8.301E-08   1.040E-05   2.483E-01   1.137E-14   2.887E-11   4.098E-10   1.232E-15
 3.793E-02   5.778E-12   7.517E-01   2.623E-05   8.312E-08   1.040E-05   2.483E-01   1.141E-14   2.887E-11   4.098E-10   1.232E-15
 2.422E-02   2.390E-13   7.517E-01   2.623E-05   8.314E-08   1.040E-05   2.483E-01   1.141E-14   2.887E-11   4.098E-10   1.232E-15
 1.546E-02   7.063E-15   7.517E-01   2.623E-05   8.308E-08   1.040E-05   2.483E-01   1.141E-14   2.887E-11   4.098E-10   1.232E-15
 9.991E-03   1.602E-16   7.517E-01   2.623E-05   8.292E-08   1.048E-05   2.458E-01   1.141E-14   4.387E-10   4.098E-10   1.232E-15
 
    Temp         T          rhog        rhoe       rhone        rhob        phie         dt         eta          H
------------------------------------------------------------------------------------------------------------------------------------
 1.000E+02   1.082E-02   8.418E+08   1.474E+09   2.210E+09   5.660E+01   6.477E-10   1.000E-04   1.680E-09   5.029E+01
 6.548E+01   2.407E-02   1.547E+08   2.708E+08   4.060E+08   1.588E+01   6.721E-10   1.384E-04   1.680E-09   2.156E+01
 4.181E+01   5.780E-02   2.572E+07   4.496E+07   6.740E+07   4.131E+00   7.114E-10   3.398E-04   1.678E-09   8.784E+00
 2.669E+01   1.407E-01   4.274E+06   7.456E+06   1.117E+07   1.073E+00   7.698E-10   8.355E-04   1.675E-09   3.577E+00
 1.704E+01   3.448E-01   7.103E+05   1.232E+06   1.844E+06   2.779E-01   8.483E-10   2.061E-03   1.667E-09   1.455E+00
 1.088E+01   8.505E-01   1.181E+05   2.020E+05   3.017E+05   7.148E-02   9.381E-10   5.126E-03   1.647E-09   5.894E-01
 7.779E+00   1.682E+00   3.082E+04   5.155E+04   7.679E+04   2.561E-02   1.008E-09   5.926E-03   1.616E-09   2.982E-01
 6.078E+00   2.795E+00   1.149E+04   1.863E+04   2.771E+04   1.193E-02   1.064E-09   1.425E-02   1.577E-09   1.797E-01
 4.034E+00   6.625E+00   2.230E+03   3.265E+03   4.877E+03   3.241E-03   1.198E-09   3.117E-02   1.465E-09   7.613E-02
 3.090E+00   1.187E+01   7.670E+02   9.868E+02   1.500E+03   1.339E-03   1.356E-09   3.864E-02   1.347E-09   4.264E-02
 2.556E+00   1.822E+01   3.592E+02   4.010E+02   6.290E+02   6.975E-04   1.542E-09   4.646E-02   1.240E-09   2.786E-02
 2.132E+00   2.778E+01   1.739E+02   1.605E+02   2.667E+02   3.665E-04   1.829E-09   1.100E-01   1.123E-09   1.833E-02
 1.608E+00   5.457E+01   5.625E+01   3.339E+01   6.727E+01   1.304E-04   2.748E-09   1.840E-01   9.317E-10   9.364E-03
 1.344E+00   8.406E+01   2.750E+01   1.090E+01   2.781E+01   6.725E-05   4.070E-09   2.064E-01   8.217E-10   6.082E-03
 1.175E+00   1.159E+02   1.604E+01   4.326E+00   1.443E+01   4.110E-05   6.025E-09   2.189E-01   7.526E-10   4.409E-03
 1.048E+00   1.510E+02   1.017E+01   1.860E+00   8.403E+00   2.741E-05   9.089E-09   2.498E-01   7.060E-10   3.379E-03
 9.556E-01   1.862E+02   7.020E+00   8.899E-01   5.477E+00   1.988E-05   1.352E-08   2.105E-01   6.763E-10   2.735E-03
 8.935E-01   2.161E+02   5.365E+00   5.058E-01   4.046E+00   1.584E-05   1.873E-08   2.023E-01   6.593E-10   2.354E-03
 8.296E-01   2.538E+02   3.988E+00   2.624E-01   2.917E+00   1.240E-05   2.789E-08   3.407E-01   6.445E-10   2.001E-03
 7.563E-01   3.088E+02   2.754E+00   1.097E-01   1.959E+00   9.194E-06   4.856E-08   3.669E-01   6.311E-10   1.641E-03
 6.849E-01   3.793E+02   1.852E+00   4.017E-02   1.292E+00   6.728E-06   9.522E-08   7.254E-01   6.218E-10   1.334E-03
 4.978E-01   7.215E+02   5.171E-01   8.687E-04   3.529E-01   2.543E-06   1.583E-06   4.294E+00   6.118E-10   6.976E-04
 3.223E-01   1.716E+03   9.084E-02   6.246E-07   6.188E-02   6.890E-07   5.684E-04   9.863E+00   6.109E-10   2.921E-04
 2.059E-01   4.198E+03   1.513E-02   8.979E-11   1.031E-02   1.796E-07   2.982E+00   2.501E+01   6.109E-10   1.192E-04
 1.348E-01   9.783E+03   2.783E-03   0.000E+00   1.896E-03   5.045E-08   1.701E+01   4.449E+01   6.109E-10   5.113E-05
 9.908E-02   1.811E+04   8.114E-04   0.000E+00   5.528E-04   2.002E-08   1.701E+01   8.235E+01   6.109E-10   2.761E-05
 7.542E-02   3.126E+04   2.723E-04   0.000E+00   1.855E-04   8.827E-09   1.701E+01   9.344E+01   6.109E-10   1.600E-05
 5.940E-02   5.039E+04   1.048E-04   0.000E+00   7.142E-05   4.314E-09   1.701E+01   3.005E+02   6.109E-10   9.924E-06
 3.793E-02   1.236E+05   1.742E-05   0.000E+00   1.187E-05   1.123E-09   1.701E+01   7.371E+02   6.109E-10   4.046E-06
 2.422E-02   3.032E+05   2.895E-06   0.000E+00   1.972E-06   2.923E-10   1.701E+01   1.808E+03   6.109E-10   1.649E-06
 1.546E-02   7.436E+05   4.812E-07   0.000E+00   3.278E-07   7.607E-11   1.701E+01   4.435E+03   6.109E-10   6.724E-07
 9.991E-03   1.781E+06   8.389E-08   0.000E+00   5.715E-08   2.053E-11   1.701E+01   1.062E+04   6.109E-10   2.808E-07




