                                                      NUCLIDE ABUNDANCE YIELDS
                                                      ------- --------- ------


 Computational parameters:
   cy = 0.030/  ct = 0.003/  initial temp = 1.00E+02/  final temp = 1.00E-02/  smallest abundances allowed = 1.00E-25
 Model parameters:
   g =  1.00/  tau = 885.70/  # nu =  3.00/  lambda =  0.000E+00/  xi-e =  0.000E+00/  xi-m =  0.000E+00/  xi-t =  0.000E+00

    Temp        N/H          P          D/H         T/H        He3/H        He4        Li6/H       Li7/H       Be7/H      Li8/H&up
------------------------------------------------------------------------------------------------------------------------------------
 1.000E+02   8.606E-01   5.375E-01   7.195E-12   1.861E-25   1.861E-25   4.000E-25   1.861E-25   1.861E-25   1.861E-25   3.163E-24
 6.548E+01   7.941E-01   5.574E-01   4.179E-12   1.031E-23   1.134E-23   4.000E-25   1.794E-25   1.794E-25   1.794E-25   3.050E-24
 4.181E+01   6.981E-01   5.889E-01   2.473E-12   5.415E-24   6.274E-24   4.000E-25   1.698E-25   1.698E-25   1.698E-25   2.887E-24
 2.669E+01   5.763E-01   6.344E-01   1.589E-12   4.211E-24   5.241E-24   4.000E-25   1.576E-25   1.576E-25   1.576E-25   2.680E-24
 1.704E+01   4.443E-01   6.924E-01   1.173E-12   6.199E-24   8.292E-24   4.000E-25   1.444E-25   1.444E-25   1.444E-25   2.455E-24
 1.088E+01   3.310E-01   7.513E-01   1.128E-12   2.709E-23   3.622E-23   4.000E-25   1.331E-25   1.331E-25   1.331E-25   2.263E-24
 7.779E+00   2.715E-01   7.865E-01   1.480E-12   2.594E-22   3.054E-22   1.014E-21   1.272E-25   1.272E-25   1.272E-25   2.162E-24
 6.078E+00   2.419E-01   8.052E-01   2.304E-12   3.387E-21   3.254E-21   1.591E-18   1.242E-25   1.242E-25   1.242E-25   2.111E-24
 4.034E+00   2.125E-01   8.247E-01   8.955E-12   2.526E-18   1.319E-18   4.182E-16   1.213E-25   1.213E-25   1.213E-25   9.949E-24
 3.090E+00   2.017E-01   8.322E-01   3.742E-11   1.528E-15   4.306E-16   8.872E-14   1.202E-25   1.202E-25   1.202E-25   1.247E-21
 2.557E+00   1.959E-01   8.362E-01   1.443E-10   5.301E-13   8.474E-14   1.499E-11   1.196E-25   1.196E-25   1.196E-25   8.845E-21
 2.205E+00   1.919E-01   8.390E-01   5.266E-10   1.189E-10   1.116E-11   2.015E-09   1.192E-25   1.192E-25   1.192E-25   1.357E-20
 1.880E+00   1.874E-01   8.422E-01   2.778E-09   6.290E-09   3.021E-10   1.501E-07   1.187E-25   7.892E-24   1.187E-25   1.385E-20
 1.467E+00   1.788E-01   8.483E-01   7.431E-08   8.399E-09   1.118E-10   1.185E-06   8.090E-24   3.534E-21   1.179E-25   1.307E-20
 1.413E+00   1.772E-01   8.495E-01   1.334E-07   1.044E-10   4.622E-13   1.216E-06   2.047E-23   8.783E-23   1.177E-25   1.306E-20
 1.412E+00   1.772E-01   8.495E-01   1.338E-07   6.154E-11   1.184E-15   1.216E-06   2.058E-23   5.369E-23   1.177E-25   1.309E-20
 1.412E+00   1.772E-01   8.495E-01   1.338E-07   6.143E-11   1.640E-18   1.216E-06   2.058E-23   5.993E-23   4.005E-24   1.312E-20
 1.412E+00   1.772E-01   8.495E-01   1.338E-07   6.143E-11   1.001E-21   1.216E-06   2.058E-23   6.004E-23   1.872E-23   1.313E-20
 1.412E+00   1.772E-01   8.495E-01   1.338E-07   6.143E-11   6.143E-11  -2.499E-03   2.058E-23   8.036E-23   2.032E-23   1.313E-20
 
    Temp         T          rhog        rhoe       rhone        rhob        phie         dt         eta          H
------------------------------------------------------------------------------------------------------------------------------------
 1.000E+02   1.082E-02   8.418E+08   1.474E+09   2.210E+09   5.660E+01   6.477E-10   1.000E-04   1.680E-09   5.029E+01
 6.548E+01   2.407E-02   1.547E+08   2.708E+08   4.060E+08   1.588E+01   6.721E-10   1.384E-04   1.680E-09   2.156E+01
 4.181E+01   5.780E-02   2.572E+07   4.496E+07   6.740E+07   4.131E+00   7.114E-10   3.398E-04   1.678E-09   8.784E+00
 2.669E+01   1.407E-01   4.274E+06   7.456E+06   1.117E+07   1.073E+00   7.698E-10   8.355E-04   1.675E-09   3.577E+00
 1.704E+01   3.448E-01   7.103E+05   1.232E+06   1.844E+06   2.779E-01   8.483E-10   2.061E-03   1.667E-09   1.455E+00
 1.088E+01   8.505E-01   1.181E+05   2.020E+05   3.017E+05   7.148E-02   9.381E-10   5.126E-03   1.647E-09   5.894E-01
 7.779E+00   1.682E+00   3.082E+04   5.155E+04   7.679E+04   2.561E-02   1.008E-09   5.926E-03   1.616E-09   2.982E-01
 6.078E+00   2.795E+00   1.149E+04   1.863E+04   2.771E+04   1.193E-02   1.064E-09   1.425E-02   1.577E-09   1.797E-01
 4.034E+00   6.625E+00   2.230E+03   3.265E+03   4.877E+03   3.241E-03   1.198E-09   3.117E-02   1.465E-09   7.613E-02
 3.090E+00   1.187E+01   7.670E+02   9.867E+02   1.500E+03   1.338E-03   1.356E-09   3.865E-02   1.347E-09   4.264E-02
 2.557E+00   1.820E+01   3.599E+02   4.021E+02   6.306E+02   6.988E-04   1.541E-09   4.562E-02   1.241E-09   2.790E-02
 2.205E+00   2.567E+01   1.989E+02   1.911E+02   3.133E+02   4.135E-04   1.764E-09   5.632E-02   1.146E-09   1.982E-02
 1.880E+00   3.744E+01   1.052E+02   8.184E+01   1.452E+02   2.323E-04   2.137E-09   1.180E-01   1.038E-09   1.363E-02
 1.467E+00   6.814E+01   3.896E+01   1.906E+01   4.273E+01   9.280E-05   3.308E-09   1.781E-01   8.731E-10   7.503E-03
 1.413E+00   7.462E+01   3.351E+01   1.502E+01   3.548E+01   8.072E-05   3.603E-09   1.460E-03   8.503E-10   6.852E-03
 1.412E+00   7.466E+01   3.348E+01   1.500E+01   3.544E+01   8.066E-05   3.605E-09   4.124E-06   8.502E-10   6.848E-03
 1.412E+00   7.466E+01   3.348E+01   1.500E+01   3.544E+01   8.066E-05   3.605E-09   6.393E-09   8.502E-10   6.848E-03
 1.412E+00   7.466E+01   3.348E+01   1.500E+01   3.544E+01   8.066E-05   3.605E-09   4.450E-12   8.502E-10   6.848E-03
 1.412E+00   7.466E+01   3.348E+01   1.500E+01   3.544E+01   8.066E-05   3.605E-09   1.748E-14   8.502E-10   6.848E-03




