   1.0000000474974513E-003   2.5497439849089878E-041
   2.0000000949949026E-003   5.8438375363315601E-033
   3.0000000260770321E-003   8.1880805951080151E-031
   4.0000001899898052E-003   6.0158965296660444E-030
   4.9999998882412910E-003   4.2468285139956771E-029
   6.0000000521540642E-003   1.3652269565463708E-028
   7.0000002160668373E-003   3.4408083666576027E-028
   8.0000003799796104E-003   7.6492791418848566E-028
   8.9999996125698090E-003   1.4634296596571468E-027
   9.9999997764825821E-003   2.5552267566089054E-027
   1.0999999940395355E-002   4.1555813103366696E-027
   1.2000000104308128E-002   6.3865159708313894E-027
   1.3000000268220901E-002   9.3741752324544644E-027
   1.4000000432133675E-002   1.3246568979876692E-026
   1.4999999664723873E-002   1.8131674911106469E-026
   1.6000000759959221E-002   2.4155905498765479E-026
   1.7999999225139618E-002   4.0112061095225714E-026
   1.9999999552965164E-002   6.2124772297084456E-026
   2.5000000372529030E-002   1.4887698929033763E-025
   2.9999999329447746E-002   2.8981832731991011E-025
   3.9999999105930328E-002   7.5544054622762714E-025
   5.0000000745058060E-002   1.5090936378161624E-024
   5.9999998658895493E-002   2.5631132906908692E-024
   7.0000000298023224E-002   3.5490130420118137E-024
   7.9999998211860657E-002   5.0575893032492440E-024
   9.0000003576278687E-002   6.8445236179262443E-024
  0.10000000149011612        8.9091093437877178E-024
  0.10999999940395355        1.1251029788654981E-023
  0.11999999731779099        1.3870583729641512E-023
  0.12999999523162842        1.2665340484994006E-023
  0.14000000059604645        1.4987229386535578E-023
  0.15000000596046448        1.7517813124690035E-023
  0.15999999642372131        2.0264020917266508E-023
  0.18000000715255737        2.6435138972120415E-023
  0.20000000298023224        3.3576577971016735E-023
  0.25000000000000000        5.6184867992698505E-023
  0.30000001192092896        8.6771051796828099E-023
  0.34999999403953552        9.8595289005730700E-023
  0.40000000596046448        1.4059854943510584E-022
  0.44999998807907104        1.9455610579933548E-022
  0.50000000000000000        2.6231684336077873E-022
  0.60000002384185791        4.8934750407412236E-022
  0.69999998807907104        7.6096852916010543E-022
  0.80000001192092896        1.1239650439845188E-021
  0.89999997615814209        1.5918819160818804E-021
   1.0000000000000000        2.1778503849599595E-021
   1.2500000000000000        4.6046685998469439E-021
   1.5000000000000000        7.7790953842383500E-021
   1.7500000000000000        3.2693508365113025E-020
   2.0000000000000000        4.7954707451062486E-020
   2.5000000000000000        7.6281369645458788E-020
   3.0000000000000000        6.7019512226514159E-020
   3.5000000000000000        1.0368105177701511E-019
   4.0000000000000000        1.5040452303773205E-019
   5.0000000000000000        2.7408088890460074E-019
   6.0000000000000000        4.5058714658972250E-019
   7.0000000000000000        6.8283044454762103E-019
   8.0000000000000000        9.8248200223626707E-019
   9.0000000000000000        1.3445834501392945E-018
   10.000000000000000        1.7782309962334971E-018
