   1.0000000474974513E-003   0.00000000    
   2.0000000949949026E-003   5.8437547140089502E-033
   3.0000000260770321E-003   8.1879074575471749E-031
   4.0000001899898052E-003   6.0155037307482538E-030
   4.9999998882412910E-003   4.2464784217589516E-029
   6.0000000521540642E-003   1.3650418481889931E-028
   7.0000002160668373E-003   3.4401059041188158E-028
   8.0000003799796104E-003   7.6471572063918633E-028
   8.9999996125698090E-003   1.4628866550815753E-027
   9.9999997764825821E-003   2.5540012219199013E-027
   1.0999999940395355E-002   4.1530738894577696E-027
   1.2000000104308128E-002   6.3817736365746378E-027
   1.3000000268220901E-002   9.3657640272953955E-027
   1.4000000432133675E-002   1.3232426080521328E-026
   1.4999999664723873E-002   1.8108940944674956E-026
   1.6000000759959221E-002   2.4120738215226016E-026
   1.7999999225139618E-002   4.0035535386656786E-026
   1.9999999552965164E-002   6.1974343382636163E-026
   2.5000000372529030E-002   1.4828276586724072E-025
   2.9999999329447746E-002   2.8808902858328489E-025
   3.9999999105930328E-002   7.4691554202621638E-025
   5.0000000745058060E-002   1.4816761548146705E-024
   5.9999998658895493E-002   2.4947541079887133E-024
   7.0000000298023224E-002   3.4049001626396458E-024
   7.9999998211860657E-002   4.7876665712676159E-024
   9.0000003576278687E-002   6.3813338335738840E-024
  0.10000000149011612        8.1659335923876266E-024
  0.10999999940395355        1.0120285371220652E-023
  0.11999999731779099        1.2222446807194369E-023
  0.12999999523162842        1.0346561019562833E-023
  0.14000000059604645        1.1820110159110757E-023
  0.15000000596046448        1.3299331723208301E-023
  0.15999999642372131        1.4765073463652101E-023
  0.18000000715255737        1.7580425674600660E-023
  0.20000000298023224        2.0121962233606625E-023
  0.25000000000000000        2.4286041553989354E-023
  0.30000001192092896        2.3563669515624634E-023
  0.34999999403953552        0.00000000    
  0.40000000596046448        0.00000000    
  0.44999998807907104        0.00000000    
  0.50000000000000000        0.00000000    
  0.60000002384185791        0.00000000    
  0.69999998807907104        0.00000000    
  0.80000001192092896        0.00000000    
  0.89999997615814209        0.00000000    
   1.0000000000000000        0.00000000    
   1.2500000000000000        0.00000000    
   1.5000000000000000        0.00000000    
   1.7500000000000000        1.0365993071269560E-020
   2.0000000000000000        1.4538915291283036E-020
   2.5000000000000000        1.1336303153484272E-020
   3.0000000000000000        0.00000000    
   3.5000000000000000        0.00000000    
   4.0000000000000000        0.00000000    
   5.0000000000000000        0.00000000    
   6.0000000000000000        0.00000000    
   7.0000000000000000        0.00000000    
   8.0000000000000000        0.00000000    
   9.0000000000000000        0.00000000    
   10.000000000000000        0.00000000    
