   1.0000000474974513E-003   0.0000000000000000     
   2.0000000949949026E-003   5.8437961251702552E-033
   3.0000000260770321E-003   8.1879940263275950E-031
   4.0000001899898052E-003   6.0157001302071491E-030
   4.9999998882412910E-003   4.2466534678773143E-029
   6.0000000521540642E-003   1.3651344023676820E-028
   7.0000002160668373E-003   3.4404571353882093E-028
   8.0000003799796104E-003   7.6482181741383600E-028
   8.9999996125698090E-003   1.4631581573693610E-027
   9.9999997764825821E-003   2.5546139892644034E-027
   1.0999999940395355E-002   4.1543275998972196E-027
   1.2000000104308128E-002   6.3841448037030136E-027
   1.3000000268220901E-002   9.3699696298749299E-027
   1.4000000432133675E-002   1.3239497530199010E-026
   1.4999999664723873E-002   1.8120307927890712E-026
   1.6000000759959221E-002   2.4138321856995747E-026
   1.7999999225139618E-002   4.0073798240941250E-026
   1.9999999552965164E-002   6.2049557839860310E-026
   2.5000000372529030E-002   1.4857987757878918E-025
   2.9999999329447746E-002   2.8895367795159750E-025
   3.9999999105930328E-002   7.5117804412692176E-025
   5.0000000745058060E-002   1.4953848963154165E-024
   5.9999998658895493E-002   2.5289336993397913E-024
   7.0000000298023224E-002   3.4769566023257298E-024
   7.9999998211860657E-002   4.9226279372584299E-024
   9.0000003576278687E-002   6.6129287257500638E-024
  0.10000000149011612        8.5375214680876722E-024
  0.10999999940395355        1.0685657579937817E-023
  0.11999999731779099        1.3046515268417940E-023
  0.12999999523162842        1.1505950752278419E-023
  0.14000000059604645        1.3403669772823168E-023
  0.15000000596046448        1.5408572423949168E-023
  0.15999999642372131        1.7514547190459305E-023
  0.18000000715255737        2.2007782323360537E-023
  0.20000000298023224        2.6849270102311680E-023
  0.25000000000000000        4.0235454773343930E-023
  0.30000001192092896        5.5167360656226364E-023
  0.34999999403953552        4.3032365498867765E-023
  0.40000000596046448        5.0886087400713356E-023
  0.44999998807907104        5.8624031551337710E-023
  0.50000000000000000        6.6231089660757002E-023
  0.60000002384185791        1.2380902258929465E-022
  0.69999998807907104        1.4847294382896013E-022
  0.80000001192092896        1.7302040911896900E-022
  0.89999997615814209        1.9744810411413704E-022
   1.0000000000000000        2.2175911657657520E-022
   1.2500000000000000        6.4480685491488773E-022
   1.5000000000000000        8.0905500228872607E-022
   1.7500000000000000        2.1529750718191292E-020
   2.0000000000000000        3.1246811371172761E-020
   2.5000000000000000        4.3808836399471527E-020
   3.0000000000000000        1.1575050975271059E-020
   3.5000000000000000        1.6970621129739406E-020
   4.0000000000000000        2.3121953496128558E-020
   5.0000000000000000        3.3982972965501529E-020
   6.0000000000000000        4.9661271903266226E-020
   7.0000000000000000        6.6646104725158069E-020
   8.0000000000000000        9.0669394911111478E-020
   9.0000000000000000        1.1121859307807976E-019
   10.000000000000000        1.3215435142351270E-019
